pos	intro
29441	0.392703704
30789	0.392703704
30838	0.392703704
31028	0.392703704
31326	0.392703704
31961	0.392703704
32233	0.392703704
32475	0.392703704
139753	0.392703704
139810	0.392703704
139871	0.392703704
140209	0.392703704
596470	0.392703704
608683	0.392703704
609379	0.392703704
662422	0.349777778
691411	0.320074074
695850	0.315074074
695932	0.315074074
764133	0.232111111
766291	0.229111111
813946	0.161296296
825132	0.147222222
832195	0.13437037
837802	0.131962963
840215	0.131962963
840314	0.131962963
843215	0.131962963
843218	0.131962963
844120	0.131962963
844666	0.131962963
845564	0.133592593
1047561	0.203407407
1070264	0.233259259
1075235	0.239962963
1075338	0.239925926
1093747	0.258259259
1150893	0.278222222
1151547	0.278296296
1220753	0.249592593
1222288	0.248333333
1222568	0.248037037
1254252	0.265703704
1255163	0.265703704
1255529	0.260333333
1264828	0.260333333
1265191	0.260333333
1265285	0.260333333
1461490	0.260333333
1482992	0.260333333
1485494	0.260333333
1493100	0.260333333
1510294	0.260333333
1512170	0.260333333
1549150	0.260333333
1870690	0.260333333
1881160	0.260333333
1881207	0.260333333
1882905	0.260333333
1883270	0.260333333
1986674	0.260333333
2114197	0.300074074
2114294	0.3
2408212	0.372296296
2409577	0.372296296
2424611	0.372296296
2482323	0.385
2526167	0.337407407
2526197	0.337407407
2526276	0.337037037
2653924	0.235444444
2664737	0.205888889
2674156	0.176518519
2674172	0.176518519
2674629	0.176518519
2681396	0.173037037
2682438	0.172666667
2694254	0.162592593
2762142	0.133333333
2765157	0.133
2766471	0.133333333
2833183	0.188
2834624	0.188
2834811	0.188
2835898	0.188
2836560	0.188
2855080	0.300259259
2865776	0.314851852
2888161	0.332037037
2888238	0.332
2980645	0.361111111
2997685	0.351148148
2998277	0.351037037
2999034	0.350851852
3046940	0.383296296
3048559	0.383518519
3109903	0.391037037
3140718	0.383
3246126	0.341111111
3246263	0.340814815
3257533	0.320592593
3257611	0.320592593
3260709	0.279481481
3261806	0.276074074
3398925	0.327481481
3407887	0.329259259
3411940	0.330481481
3412057	0.330592593
3452186	0.347111111
3458242	0.347111111
3461132	0.347111111
3461745	0.347111111
3462453	0.347111111
3462904	0.347111111
3462992	0.347111111
3463028	0.347111111
3463205	0.347111111
3465322	0.347111111
3477883	0.232518519
3482349	0.228259259
3515393	0.243259259
3595187	0.278333333
3596029	0.278814815
3746664	0.364111111
3752584	0.376148148
3753007	0.377
3753114	0.377037037
3890824	0.401518519
3892482	0.401666667
4057478	0.356740741
4244725	0.346444444
4322559	0.346444444
4325700	0.346444444
4477805	0.18237037
4479253	0.179888889
4487254	0.178740741
4621997	0.191777778
4622706	0.191777778
4686236	0.191777778
4862353	0.288555556
4866374	0.288555556
4908092	0.402222222
4910161	0.402740741
5002598	0.365
5007242	0.363333333
5010683	0.362222222
5010855	0.362074074
5198472	0.332666667
5243745	0.318
5246710	0.318
5266889	0.382111111
5306559	0.378555556
5466640	0.407407407
5707187	0.372962963
5709812	0.37237037
5823602	0.375259259
5990508	0.409037037
6109125	0.397407407
6386989	0.181703704
6410813	0.132925926
6411812	0.132925926
6412404	0.132925926
6412557	0.132925926
6412578	0.132925926
6412821	0.132925926
6413193	0.132925926
6413238	0.132925926
6439018	0.145925926
6532693	0.13337037
6545029	0.129185185
6551077	0.129185185
6551184	0.129185185
6551185	0.129185185
6553720	0.129185185
6554048	0.129185185
6600076	0.133925926
6625084	0.129259259
6686320	0.138259259
6946963	0.139481481
7007998	0.124962963
7016560	0.118259259
7155405	0.185222222
7172555	0.188407407
7174847	0.190444444
7263920	0.191222222
7313892	0.137111111
7436345	0.065
7437223	0.064518519
7448481	0.056259259
7468959	0.04537037
7566111	0.04537037
7567350	0.04537037
7618125	0.04537037
7618284	0.04537037
9350736	0.048333333
9350964	0.048333333
9353851	0.048481481
9493236	0.063037037
9588938	0.072777778
9681734	0.088
9739699	0.088
9756254	0.208074074
9759317	0.208074074
9760095	0.208555556
9801490	0.218814815
9851880	0.22237037
9852206	0.222407407
9852694	0.222111111
9854070	0.220888889
9857309	0.227333333
9859141	0.230555556
9891505	0.332185185
10031903	0.388185185
10033795	0.388185185
10228834	0.333148148
10228930	0.333
10230022	0.333148148
10230283	0.333592593
10479567	0.317518519
10483045	0.319962963
10651614	0.391814815
10656171	0.393148148
10697685	0.393259259
10768886	0.395888889
10795858	0.396851852
10877865	0.403037037
11075210	0.354185185
11332088	0.426666667
11385233	0.426666667
11389064	0.426666667
11410107	0.426666667
11412697	0.426666667
11467364	0.426666667
11536795	0.407074074
11576332	0.396518519
11824245	0.301296296
11829566	0.298740741
11885526	0.189555556
11890165	0.189555556
11916567	0.189037037
11916607	0.189037037
11916670	0.189037037
12050310	0.187148148
12082791	0.18937037
12205446	0.18937037
12222427	0.18937037
12595247	0.18937037
12606643	0.18937037
12609566	0.18937037
12777654	0.18937037
12779099	0.192888889
12782818	0.200666667
12909960	0.302296296
12932118	0.30137037
12975385	0.303962963
12975769	0.304259259
12979759	0.307
12980803	0.30737037
13126554	0.315703704
13127323	0.315555556
13130214	0.315888889
13164616	0.319592593
13164849	0.319481481
13395999	0.330740741
13396122	0.329703704
13396216	0.329703704
13396236	0.329703704
13771270	0.313814815
13814785	0.311148148
13815752	0.311148148
13947501	0.257481481
14033065	0.257481481
14036462	0.250962963
14113339	0.341925926
14125691	0.341925926
14125698	0.341925926
14125837	0.341925926
14349231	0.327074074
14378055	0.329518519
14507281	0.279740741
14522864	0.279740741
14541356	0.279740741
14573101	0.293148148
14632980	0.305407407
14685198	0.302407407
14813234	0.237555556
14814530	0.236407407
14819228	0.236851852
14827954	0.236925926
14856309	0.224111111
14857288	0.224592593
14861376	0.226666667
14931588	0.262703704
14992306	0.287148148
15044235	0.289814815
15298119	0.293555556
15298283	0.293555556
15298316	0.293555556
15298829	0.293555556
15299192	0.293555556
15529476	0.293555556
15529504	0.293592593
15531421	0.293592593
15583336	0.293592593
15583731	0.318814815
15610962	0.318814815
15611615	0.318814815
15612802	0.318814815
15612917	0.318814815
15613001	0.318814815
15616499	0.318814815
15617058	0.318814815
15670425	0.318814815
15688231	0.318814815
15693419	0.318814815
15697982	0.318814815
15827915	0.302185185
15860225	0.291481481
15938062	0.291481481
16095882	0.291481481
16128675	0.291481481
16130336	0.291481481
16135071	0.291481481
16213870	0.291481481
16233384	0.291481481
16305340	0.291481481
16305381	0.291481481
16376034	0.291481481
16376197	0.29062963
16418922	0.268148148
16440746	0.260037037
16500659	0.258740741
16604760	0.236962963
16611439	0.236962963
16612067	0.236962963
16787135	0.236962963
16790904	0.236962963
16790988	0.236962963
16843708	0.236962963
16984033	0.236962963
17158492	0.236962963
17237080	0.236962963
17327987	0.236962963
17328107	0.236962963
17328200	0.236962963
17330190	0.236962963
17334088	0.294296296
17414413	0.323555556
17414414	0.323555556
17500823	0.292
17720969	0.229925926
17829730	0.205481481
17830081	0.205481481
17830086	0.205481481
17830683	0.205481481
17983623	0.354148148
18022273	0.357481481
18117835	0.352185185
18156582	0.352185185
18156626	0.352185185
18156706	0.352185185
18209282	0.352185185
18223053	0.284592593
18573717	0.241703704
18581823	0.241703704
18584224	0.241703704
18587566	0.241703704
18587815	0.241703704
18589184	0.241703704
18590842	0.241703704
18591125	0.241703704
18591424	0.241703704
18687134	0.241703704
18687170	0.241703704
18687262	0.241703704
18794477	0.241703704
18800514	0.241703704
18810001	0.241703704
18910790	0.241703704
18912221	0.241703704
18912642	0.241703704
18912646	0.241703704
18913264	0.241703704
18916144	0.23637037
18990601	0.174444444
18990989	0.17437037
19113430	0.140925926
19127039	0.149888889
19182718	0.149888889
19328544	0.149888889
19329411	0.149888889
19330083	0.149888889
19425201	0.149888889
19433237	0.149888889
19436201	0.149888889
19437405	0.149888889
19597206	0.149888889
19601405	0.149888889
19612467	0.149888889
19612624	0.149888889
19613869	0.149888889
19615919	0.149888889
19616738	0.149888889
19859745	0.089777778
19914335	0.093888889
20054320	0.098925926
20100763	0.098925926
20102344	0.098925926
20118675	0.098925926
20189996	0.140296296
20200808	0.145148148
20408220	0.168
20506680	0.168
20512322	0.172888889
20547338	0.201407407
20736308	0.186111111
20737745	0.186111111
20738948	0.186111111
20739200	0.186111111
20739533	0.186111111
20741621	0.184851852
20773159	0.106037037
20773264	0.106037037
20906454	0.144740741
20908605	0.144740741
21136656	0.144740741
21137007	0.144740741
21137817	0.144740741
21138423	0.144740741
21220943	0.144740741
21430868	0.346148148
21583807	0.352888889
21585468	0.352740741
21667156	0.352740741
21670706	0.352740741
21673420	0.352740741
21820662	0.352740741
21905131	0.253407407
21911830	0.253407407
21912239	0.253407407
21913383	0.253407407
21914169	0.253407407
21914608	0.253407407
21914693	0.253407407
21959310	0.252777778
22142582	0.232703704
22206347	0.232703704
22329707	0.232703704
22329724	0.232703704
22329824	0.232703704
22329916	0.232703704
22360895	0.232703704
22526142	0.232703704
22526835	0.227296296
22530923	0.229481481
22552328	0.221777778
22553353	0.22237037
22553686	0.222407407
22554719	0.226037037
22557970	0.233407407
22561063	0.233407407
22614767	0.233407407
22623792	0.233481481
22624264	0.234148148
22707921	0.278148148
22712785	0.273481481
22836106	0.234555556
22836203	0.23462963
22842097	0.232925926
22958737	0.18637037
22979589	0.168851852
22979750	0.168888889
22981306	0.168592593
22981553	0.169185185
23072527	0.176037037
23072904	0.176037037
23142463	0.176037037
23157987	0.176037037
23162796	0.176037037
23190139	0.176037037
23380413	0.158185185
23426703	0.14262963
23523733	0.110481481
23524571	0.110037037
23727148	0.118740741
23789252	0.118740741
23846247	0.118740741
23846399	0.118740741
23904621	0.118740741
23907131	0.118740741
23907274	0.118740741
23947893	0.118740741
24060995	0.118740741
24112689	0.118740741
24187210	0.136333333
24209116	0.386111111
24417533	0.386111111
24418901	0.386111111
24419827	0.386111111
24422465	0.386111111
24687113	0.418074074
24764275	0.386481481
24764526	0.386481481
24764576	0.386481481
24764627	0.386481481
24904110	0.386481481
24909405	0.386481481
24909625	0.386481481
24909766	0.386481481
24977657	0.386481481
24977720	0.386481481
24977789	0.386481481
24977811	0.386481481
24979001	0.386481481
24979056	0.386481481
24979278	0.386481481
25211311	0.386481481
25211444	0.386481481
25251372	0.386481481
25326182	0.386481481
25326332	0.386481481
25326618	0.386481481
25327117	0.386481481
25336734	0.386481481
25399284	0.386481481
25463955	0.386481481
25639678	0.386481481
25662545	0.386481481
25742390	0.386481481
25789256	0.386481481
25797161	0.386481481
25980610	0.386481481
26129934	0.335777778
26373200	0.141814815
26399454	0.141814815
26400589	0.140407407
26403314	0.13737037
26426951	0.108777778
26501203	0.015740741
26508629	0.015740741
26512431	0.015740741
26613656	0.015740741
26613664	0.015740741
26614895	0.015814815
26684552	0.019925926
26821163	0.023148148
26833607	0.022888889
26844695	0.022814815
26861674	0.022555556
26914157	0.020111111
27018649	0.02262963
27019495	0.022740741
27021852	0.023111111
27180941	0.050333333
27256705	0.058037037
27418086	0.068814815
27454809	0.071777778
27455130	0.071777778
28027491	0.050444444
28094456	0.04637037
28120439	0.044444444
28121776	0.044333333
28122307	0.044185185
28123397	0.044259259
28124580	0.044592593
28324751	0.067111111
28350977	0.068555556
28830691	0.086
28831779	0.086148148
28832601	0.086148148
28833973	0.086148148
28834097	0.086148148
28836464	0.086222222
28921405	0.079444444
28984241	0.071703704
28985737	0.071666667
29117019	0.071444444
29124859	0.070962963
29125239	0.071
29127471	0.070851852
29151318	0.068222222
29151376	0.068222222
29164960	0.064333333
29169121	0.050259259
29170616	0.050259259
29170943	0.050259259
29206762	0.050259259
29335471	0.050259259
29344963	0.050259259
29348922	0.050259259
29349094	0.050259259
29360539	0.050259259
29561724	0.050259259
29793850	0.050259259
29793972	0.050259259
29793985	0.050259259
30199190	0.04137037
30430665	0.030888889
30431794	0.030888889
30474447	0.030888889
30651174	0.030888889
30652655	0.030851852
30682551	0.030851852
30766434	0.030851852
30769002	0.030851852
30929128	0.030851852
30932779	0.030851852
30933027	0.030851852
30948899	0.030851852
30948920	0.030851852
30949186	0.030851852
30950884	0.030851852
30951338	0.030851852
30954287	0.030851852
31004832	0.030851852
31060164	0.030851852
31060531	0.030851852
31062683	0.030851852
31062953	0.030851852
31065124	0.030851852
31070640	0.030851852
31101768	0.058111111
31101998	0.058111111
31102098	0.058111111
31108073	0.058111111
31245730	0.166222222
31256004	0.170296296
31306276	0.157481481
31578260	0.088074074
31614145	0.088074074
31676390	0.088074074
31713714	0.088074074
31844172	0.072666667
32055291	0.053
32060494	0.05262963
32060613	0.05262963
32142154	0.049518519
32165780	0.048111111
32232884	0.044148148
32244577	0.044148148
32244946	0.044148148
32245737	0.044148148
32245757	0.044148148
32245929	0.044148148
32249144	0.044148148
32250518	0.044148148
32250611	0.044148148
32497909	0.044148148
32530097	0.044148148
32530819	0.044148148
32605073	0.044148148
32664846	0.044148148
32689215	0.044148148
32791915	0.057222222
32812132	0.057222222
32813841	0.057222222
33116017	0.057222222
33119560	0.057222222
33119826	0.057222222
33120348	0.057222222
33361597	0.072740741
33429862	0.081259259
33434025	0.081259259
33438146	0.081259259
33438817	0.081259259
33694902	0.081259259
33697288	0.081259259
33699741	0.082259259
33821281	0.122592593
34019505	0.162592593
34019511	0.162592593
34054874	0.177851852
34055155	0.177851852
34080890	0.177851852
34223553	0.177851852
34264330	0.177851852
34264401	0.177851852
34298593	0.177851852
34335288	0.177851852
34554924	0.177851852
34557833	0.177851852
34653156	0.177851852
34653838	0.177851852
34801222	0.191333333
34802724	0.191333333
34874869	0.191333333
34901943	0.191333333
34957602	0.243296296
35133733	0.302592593
35216489	0.290148148
35218212	0.288333333
35219080	0.288333333
35272230	0.288333333
35542248	0.259740741
35543181	0.25962963
35547172	0.258740741
35548887	0.258740741
35552007	0.258740741
35576322	0.258740741
35577441	0.258740741
35624968	0.258740741
35625376	0.258740741
35626100	0.258740741
35762391	0.257851852
35918682	0.226740741
35985028	0.197185185
36029293	0.172703704
36048410	0.163888889
36124942	0.163888889
36210640	0.163888889
36305896	0.163888889
36310096	0.158814815
36317514	0.151481481
36409404	0.151777778
36418363	0.151037037
36483519	0.147037037
36495378	0.147814815
36516253	0.149925926
36517049	0.150074074
36545089	0.153148148
36727660	0.181222222
36727681	0.181222222
36766005	0.186888889
36881547	0.203296296
36882164	0.203296296
36905691	0.276777778
36907827	0.280888889
36907879	0.281074074
36931185	0.294851852
37014092	0.294851852
37022456	0.105407407
37022582	0.105407407
37022660	0.105407407
37023868	0.105407407
37023932	0.105407407
37023987	0.105407407
37098309	0.105407407
37101516	0.065518519
37102610	0.065518519
37107792	0.065518519
37230464	0.065518519
37258811	0.065518519
37297639	0.059296296
37321044	0.05862963
37344817	0.057814815
37348608	0.057777778
37388809	0.057259259
37388846	0.057259259
37442837	0.055814815
37456915	0.056444444
37457026	0.056444444
37570519	0.058888889
37594885	0.05837037
37597132	0.058592593
37762885	0.059925926
37937180	0.049814815
38022745	0.043333333
38027084	0.043074074
38028705	0.043333333
38029418	0.043518519
38067335	0.048185185
38236003	0.068148148
38286376	0.073666667
38286974	0.073666667
38292474	0.073185185
38292608	0.073185185
38335040	0.073185185
38571769	0.073185185
38725625	0.073185185
38801454	0.067592593
38939330	0.064740741
38955910	0.064740741
39093058	0.064740741
39139187	0.064740741
39243694	0.064740741
39245835	0.064740741
39327424	0.064740741
39327831	0.064740741
39328760	0.064740741
39331799	0.066
39542254	0.203592593
39546678	0.203592593
39596039	0.203592593
39600457	0.203592593
39604275	0.203592593
39779729	0.203592593
39780956	0.203592593
39787416	0.203592593
39794414	0.203592593
39795604	0.203592593
39795895	0.203592593
39797176	0.203592593
39973955	0.203592593
39979502	0.203592593
40157949	0.203592593
40343504	0.203592593
40344799	0.203592593
40348572	0.203592593
40351711	0.203592593
40354984	0.203592593
40355512	0.378703704
40391167	0.187111111
40688441	0.187111111
40691294	0.187111111
40692843	0.187111111
40699977	0.187111111
40718793	0.187111111
40810532	0.187111111
40810953	0.187111111
41028698	0.187111111
41032807	0.187111111
41182099	0.187111111
41239571	0.187111111
41356976	0.187111111
41372018	0.187111111
41672606	0.187111111
41673407	0.187111111
41784205	0.187111111
41784234	0.187111111
41787301	0.187111111
41839551	0.187111111
41846128	0.286481481
41851034	0.989666667
41851796	0.989666667
41894586	0.989666667
41957827	0.989666667
42102188	0.989666667
42141036	0.989666667
42141062	0.989666667
42150809	0.989666667
42257485	0.989666667
42261354	0.989666667
42399786	0.989666667
42591281	0.989666667
42633543	0.989666667
42636565	0.989666667
42641091	0.989666667
42768787	0.989666667
42819015	0.989666667
42915732	0.989666667
42920307	0.989666667
43055987	0.989666667
43056149	0.989666667
43056330	0.989666667
43057192	0.989666667
43167149	0.989666667
43171700	0.989666667
43188296	0.989666667
43233005	0.989666667
43280755	0.989666667
43589685	0.989666667
43590080	0.989666667
43591822	0.989666667
43643022	0.989666667
43643367	0.989666667
43653115	0.989666667
43653282	0.989666667
43657512	0.989666667
43657542	0.989666667
43657563	0.989666667
43660074	0.989666667
43828360	0.989666667
43969748	0.989666667
43970998	0.989666667
43972229	0.989666667
43972261	0.989666667
43972578	0.989666667
44182524	0.989666667
44455301	0.989666667
44504375	0.989666667
44582158	0.10762963
44582257	0.10762963
44750058	0.10762963
44751539	0.10762963
44812390	0.10762963
44954006	0.131037037
44957920	0.131481481
44958563	0.131481481
44958727	0.131481481
44958794	0.131481481
44958837	0.131481481
45124500	0.131481481
45262948	0.131481481
45263191	0.131481481
45266586	0.55337037
45269357	0.55337037
45273702	0.55337037
45669809	0.55337037
45669922	0.55337037
45768625	0.55337037
45770385	0.55337037
45846077	0.55337037
45846945	0.55337037
45847149	0.55337037
45848866	0.55337037
45849607	0.55337037
46042798	0.55337037
46056372	0.55337037
46156027	0.55337037
46166309	0.55337037
46168821	0.695703704
46169336	0.548555556
46246304	0.548555556
46326808	0.548555556
46327268	0.548555556
46359537	0.548555556
46423649	0.548555556
46540094	0.548555556
46621485	0.548555556
46864314	0.548555556
46864345	0.548555556
46934488	0.548555556
46935396	0.548555556
46936174	0.548555556
47001622	0.548555556
47199091	0.548555556
47327131	0.548555556
47452705	0.548555556
47455062	0.548555556
47513765	0.548555556
47535719	0.548555556
47537421	0.548555556
47537552	0.548555556
47591749	0.548555556
47591777	0.548555556
47592586	0.548555556
47592757	0.548555556
47592808	0.548555556
47592972	0.548555556
47593005	0.548555556
47593107	0.548555556
47593487	0.548555556
47874425	0.548555556
48658967	0.548555556
48874936	0.625222222
49413636	0.814925926
49444626	0.834740741
49446040	0.834740741
49451343	0.834740741
49552166	0.834740741
49918126	0.834740741
49919717	0.834740741
50088008	0.834740741
50097110	0.834740741
50097552	0.834740741
50097612	0.834740741
50100852	0.834740741
50100984	0.834740741
50101530	0.834740741
50156713	0.834740741
50157607	0.834740741
50157636	0.834740741
50159391	0.834740741
50313270	0.834740741
50315060	0.834740741
50336184	0.834740741
50758632	0.834740741
50780080	0.834740741
50854658	0.834740741
50858102	0.834740741
50858273	0.834740741
50858329	0.834740741
50858415	0.834740741
51259393	0.834740741
51260421	0.834740741
51297812	0.834740741
51300012	0.834740741
51462642	0.834740741
51868490	0.834740741
52014857	0.834740741
52015142	0.834740741
52016633	0.834740741
52095744	0.834740741
52098226	0.834740741
52861388	0.834740741
52899442	0.834740741
52900089	0.834740741
52921489	0.834740741
52941976	0.834740741
53079579	0.834740741
53080122	0.834740741
53080886	0.834740741
53193654	0.834740741
53193887	0.834740741
53441477	0.834740741
53441525	0.834740741
53445466	0.834740741
53445616	0.834740741
53675043	0.834740741
53678226	0.834740741
53922083	0.834740741
53959648	0.834740741
53961224	0.834740741
53961339	0.834740741
53961719	0.834740741
53961975	0.834740741
53962011	0.834740741
53965837	0.834740741
54043545	0.834740741
54100010	0.834740741
54100264	1.225
54102168	0.885925926
54102865	0.885925926
54127404	0.885925926
54330863	0.885925926
54423314	0.885925926
54509254	0.885925926
54543285	0.885925926
54552245	0.885925926
54847165	0.885925926
54918663	0.885925926
55004212	0.885925926
55047396	0.885925926
55047492	0.885925926
55082873	0.885925926
55083429	0.885925926
55083585	0.885925926
55084097	0.885925926
55391827	0.885925926
55392018	0.885925926
55730740	0.885925926
55862084	0.885925926
55914303	0.885925926
56028616	0.885925926
56061526	0.885925926
56152301	0.885925926
56152339	0.885925926
56309236	0.885925926
56310483	0.885925926
56312802	0.806925926
56532830	0.395222222
56533267	0.395222222
56646908	0.252703704
56647113	0.249592593
56742000	0.208851852
56858676	0.153111111
56859957	0.153111111
56860202	0.153111111
56860270	0.153111111
56860597	0.153111111
56860849	0.153111111
56970393	0.093666667
56970772	0.093666667
57011656	0.093666667
57013552	0.093666667
57159304	0.093666667
57373929	0.093666667
57374005	0.093666667
57394625	0.093666667
57571231	0.093703704
57591728	0.096444444
57876292	0.075444444
57945562	0.082555556
57945618	0.082555556
57945639	0.082555556
57945896	0.082555556
57946388	0.089407407
57947159	0.095666667
58033711	0.73762963
58033932	0.73762963
58610280	0.73762963
58956443	0.73762963
58956482	0.73762963
58957188	0.73762963
58957933	0.73762963
58957964	0.73762963
58958602	0.73762963
58959782	0.73762963
58960129	0.73762963
58976890	0.73762963
59036465	0.73762963
59065795	0.73762963
59069101	0.73762963
59188746	0.73762963
59295494	0.73762963
59295529	0.73762963
59940585	0.73762963
59940810	0.73762963
60019769	0.73762963
60019858	0.73762963
60023095	0.73762963
60023545	0.73762963
60031666	0.73762963
60175068	0.73762963
60175750	0.73762963
60240871	0.73762963
60359944	0.73762963
60367621	0.73762963
60767113	0.73762963
60768953	0.73762963
60805379	0.73762963
60807680	0.73762963
60809163	0.73762963
60810479	0.73762963
60811063	0.73762963
60811456	0.73762963
60812088	0.73762963
60815127	0.73762963
60823089	0.73762963
60830183	0.73762963
60845608	0.754444444
61045339	0.717111111
61410775	0.717111111
61411237	0.717111111
61413789	0.717111111
61723150	0.717111111
61723832	0.717111111
62218127	1.158814815
62224676	1.174185185
62310245	1.174185185
62336000	1.174185185
62337712	1.174185185
62338149	1.174185185
62353542	1.174185185
62384736	1.174185185
62566899	1.174185185
62567488	1.174185185
62568928	1.174185185
62569955	1.174185185
62570276	1.174185185
62570806	1.174185185
62573079	1.174185185
62573400	1.174185185
62695446	1.174185185
62787415	1.174185185
62788813	1.174185185
62862968	1.174185185
62863214	1.174185185
62863368	1.174185185
63091206	1.174185185
63275732	1.174185185
63282774	1.174185185
63428931	1.174185185
63824015	1.174185185
63825919	1.174185185
64101617	1.174185185
64113840	1.174185185
64114082	1.174185185
64114169	1.174185185
64114350	1.174185185
64114986	1.174185185
64778738	1.174185185
65261924	1.174185185
65263401	1.174185185
65264712	1.174185185
65264739	1.174185185
65266945	1.174185185
65267185	1.174185185
65279442	1.174185185
65306322	1.174185185
65519789	1.174185185
65552738	1.174185185
65597807	1.174185185
65598191	1.174185185
65599286	1.174185185
65673332	1.174185185
65674020	1.174185185
65674053	1.174185185
65677064	1.174185185
65695037	1.174185185
65742017	1.174185185
65742716	1.174185185
65744243	1.174185185
65745889	1.174185185
65747970	1.174185185
65751154	1.174185185
65751272	1.174185185
65751317	1.174185185
65820322	1.174185185
65820374	1.174185185
65820699	1.174185185
65821931	1.174185185
65825003	1.174185185
65958274	1.174185185
65958745	1.174185185
65958997	1.174185185
65959860	1.174185185
65962633	1.174185185
66255676	1.174185185
66285313	1.174185185
66286010	1.174185185
66559353	1.174185185
66619001	1.174185185
66700627	1.174185185
66730691	1.174185185
66730855	1.174185185
66731826	1.174185185
66732084	1.174185185
66732444	1.174185185
66855138	1.057074074
66899035	1.017518519
66909481	1.017518519
66931463	1.017518519
66934880	1.017518519
66935808	1.017518519
66935938	1.017518519
66935940	1.017518519
67020744	1.768074074
67020847	1.768074074
67021399	1.783185185
67022707	1.879222222
67023479	1.883222222
67023548	1.883222222
67098329	1.883222222
67143927	1.883222222
67146405	1.883222222
67304988	1.883222222
67343049	1.883222222
67493143	1.883222222
67493191	1.883222222
67493572	1.883222222
67494861	1.883222222
67638977	1.883222222
67651533	1.883222222
67655338	1.883222222
67655446	1.883222222
67662734	1.883222222
67678951	1.883222222
67740234	1.883222222
67946580	1.883222222
67948876	1.883222222
67948932	1.883222222
67970237	1.883222222
67970375	1.883222222
68066180	1.883222222
68069146	1.883222222
68110575	1.883222222
68182921	1.883222222
68235148	1.883222222
68237505	1.883222222
68246254	1.883222222
68246384	1.883222222
68323261	1.883222222
68369212	1.883222222
68402575	1.883222222
68413931	1.883222222
68507052	1.883222222
68507384	1.883222222
68648729	1.883222222
68748698	1.883222222
68794714	1.883222222
69286909	1.883222222
69288185	1.883222222
69288240	1.883222222
69339398	1.883222222
69395482	1.883222222
69402042	1.883222222
69471262	1.883222222
69781792	1.883222222
69846049	1.883222222
69920247	1.883222222
69921655	1.883222222
69923630	1.883222222
69998251	1.883222222
70069306	1.883222222
70124654	1.883222222
70602056	1.883222222
70634320	1.883222222
70635677	1.883222222
70700240	1.883222222
70700843	1.883222222
70839802	1.883222222
70841662	1.883222222
70842760	1.883222222
70846856	1.883222222
70957703	1.883222222
71056360	1.883222222
71152640	1.883222222
71213611	1.883222222
71214097	1.883222222
71214123	1.883222222
71214970	1.883222222
71215108	1.883222222
71275588	1.883222222
71572549	1.883222222
71631800	1.883222222
71635933	1.883222222
71640085	1.883222222
71640218	1.883222222
71640363	1.883222222
71641431	1.883222222
71704923	1.883222222
71986628	0.408962963
71987883	0.408962963
71988105	0.408962963
72052785	0.408962963
72052851	0.408962963
72053304	0.408962963
72053403	0.408962963
72053665	0.408962963
72053940	0.408962963
72053961	0.408962963
72068029	0.408962963
72166609	0.329740741
72244070	0.259555556
72568848	0.195444444
72580240	0.195444444
72658801	0.195444444
72817955	0.195444444
72818139	0.195444444
72846656	0.196
72851582	0.195851852
72852208	0.195851852
72852261	0.195851852
72852564	0.195851852
72948025	0.151259259
72950437	0.15062963
72950539	0.15062963
73093809	0.15062963
73367184	0.15062963
73367835	0.15062963
73421398	0.15062963
73422080	0.15062963
73606258	0.15062963
73608860	0.15062963
73747626	0.15062963
73771994	0.15062963
73772290	0.15062963
73772342	0.15062963
73773182	0.15062963
73779323	0.15062963
74210513	0.15062963
74266405	0.15062963
74306629	0.15062963
74320304	0.15062963
74359624	0.15062963
74410987	0.15062963
74413043	0.15062963
74457278	0.192888889
74457969	0.193925926
74595207	0.193925926
74595778	0.289111111
74595843	0.289111111
74596027	0.289111111
74638996	0.289111111
74696976	0.289111111
75230995	0.289111111
75389763	0.289111111
75504210	0.289111111
75508334	0.527888889
75633216	0.527888889
75675612	0.527888889
75676061	0.527888889
75695585	0.527888889
76330176	0.527888889
76330318	0.527888889
76330390	0.527888889
76330711	0.527888889
76331047	0.527888889
76331441	0.527888889
76385229	0.527888889
76665567	0.527888889
76779637	0.527888889
77010171	0.527888889
77010754	0.527888889
77011405	0.527888889
77013224	0.527888889
77013339	0.527888889
77013410	0.527888889
77207732	0.527888889
77210739	0.527888889
77212732	0.527888889
77361014	0.527888889
77361662	0.527888889
77393053	0.527888889
77449015	0.527888889
77450876	0.527888889
77451540	0.527888889
77480870	0.527888889
77610176	0.527888889
77614203	0.527888889
77619595	0.527888889
77698907	0.527888889
77732095	0.527888889
77783918	0.527888889
77982673	0.527888889
78256980	0.527888889
78259697	0.527888889
78319323	0.527888889
78545218	0.527888889
78613158	0.527888889
78613543	0.527888889
78658830	0.527888889
78778299	0.527888889
78778758	0.527888889
78779051	0.527888889
78827697	0.443
79001722	0.324888889
79005159	0.322814815
79069401	0.301777778
79073318	0.300962963
79104916	0.297074074
79104970	0.297074074
79157386	0.291407407
79157740	0.291111111
79449223	0.242888889
79587040	0.241074074
79589466	0.241074074
79590096	0.241074074
79759242	0.241074074
79759326	0.241111111
79841743	0.240925926
79917109	0.240925926
79974696	0.240925926
80072367	0.240925926
80074947	0.240925926
80074977	0.240925926
80076141	0.240925926
80093534	0.240925926
80167186	0.240925926
80169955	0.240925926
80197317	0.240925926
80199315	0.240925926
80248258	0.240925926
80534769	0.240925926
80538192	0.240925926
80642027	0.240925926
80643287	0.240925926
80900915	0.240925926
80901116	0.240925926
80902904	0.240925926
80903647	0.240925926
80920331	0.240925926
80982605	0.240925926
81193509	0.240925926
81251530	0.240925926
81526478	0.240925926
81592092	0.239111111
81595192	0.239333333
81604453	0.237185185
81608351	0.236407407
81608468	0.236407407
81710597	0.208074074
81789202	0.184851852
81791333	0.184407407
81791378	0.184407407
81791676	0.184407407
81987365	0.174407407
82011458	0.173222222
82013799	0.173444444
82016611	0.173296296
82236581	0.148888889
82359715	0.134407407
82641600	0.142962963
82662652	0.187962963
82746508	0.187962963
82776553	0.187962963
82776620	0.187962963
82779978	0.187962963
82857809	0.187962963
82864626	0.187962963
82892638	0.187962963
82893043	0.187962963
83030023	0.187962963
83033515	0.187962963
83255285	0.187962963
83308820	0.187962963
83308938	0.187962963
83308978	0.187962963
83309111	0.187962963
83323352	0.187962963
83324624	0.187962963
83507971	0.187962963
83572047	0.187962963
83574777	0.187962963
83616463	0.187962963
83786327	0.187962963
83786725	0.184555556
83788863	0.18562963
83816571	0.189111111
83858566	0.209925926
83861918	0.209925926
83861974	0.209925926
83884864	0.209925926
83888035	0.209925926
84013191	0.209925926
84018271	0.209925926
84049925	0.209925926
84106770	0.209925926
84107118	0.209925926
84442162	0.209925926
84442707	0.209925926
84448403	0.209925926
84453089	0.209925926
84525638	0.209925926
84598194	0.209925926
84875026	0.209925926
84875360	0.209925926
85271060	0.209925926
85284011	0.209925926
85295880	0.209925926
85297718	0.209925926
85645312	0.209925926
85676625	0.209925926
85676717	0.209925926
85704356	0.209925926
85704647	0.209925926
85704668	0.209925926
85705682	0.209925926
85732131	0.209925926
85787167	0.246703704
85873270	0.210481481
86041461	0.210481481
86066726	0.210481481
86271850	0.210481481
86458995	0.210481481
86501714	0.210481481
86503434	0.210481481
86504131	0.210481481
86504590	0.210481481
86874450	0.210481481
88348440	0.210481481
89110997	0.210481481
89354008	0.133407407
89356473	0.132481481
89434318	0.128666667
89601826	0.118333333
89672296	0.117518519
89865644	0.115888889
90018688	0.11562963
90031088	0.115592593
90256048	0.115592593
90396256	0.115592593
90396315	0.115592593
90676140	0.115592593
90706185	0.115592593
90817496	0.115592593
91395783	0.115592593
91398508	0.115592593
91488981	0.115592593
91525913	0.115592593
91941701	0.115592593
91977602	0.115592593
92087037	0.115592593
92087061	0.115592593
92093985	0.115592593
92345655	0.115592593
92399952	0.115592593
92401954	0.115592593
92622247	0.115592593
92622284	0.115592593
92624298	0.115592593
92687997	0.115592593
92794249	0.115592593
92833413	0.115592593
92834330	0.115592593
92868137	0.115592593
93105862	0.115592593
93180999	0.115592593
93260155	0.115592593
93366759	0.115592593
93367230	0.115592593
93476186	0.115592593
93709974	0.115592593
93830238	0.115592593
94102812	0.115592593
94133508	0.115592593
95598502	0.115592593
95778880	0.115592593
95856418	0.127814815
95886218	0.132703704
95903745	0.135851852
95905432	0.135851852
95912726	0.137444444
96309068	0.248407407
96311472	0.250222222
96326308	0.308703704
96326428	0.308703704
96326822	0.308703704
96541825	0.308703704
96541882	0.308703704
96542091	0.308703704
96694671	0.308703704
96807714	0.308703704
96808211	0.308703704
97220031	0.308703704
98148898	0.308703704
98209428	0.308703704
98320521	0.308703704
98325326	0.308703704
98949348	0.308703704
99406148	0.308703704
99619085	0.308703704
99624142	0.308703704
100483275	0.308703704
102183816	0.308703704
103146524	0.308703704
103537034	0.308703704
103779995	0.308703704
106672652	0.308703704
106676722	0.308703704
107099548	0.308703704
107124806	0.308703704
107492957	0.308703704
107890473	0.308703704
107973682	0.308703704
108067422	0.308703704
108081241	0.308703704
108081711	0.308703704
108324922	0.308703704
108408787	0.356259259
108425620	0.273296296
108467847	0.273296296
108502596	0.273296296
108502731	0.273296296
108547911	0.273296296
108550304	0.273296296
108550454	0.273296296
108934854	0.273296296
108957704	0.273296296
109130066	0.273296296
109187413	0.273296296
109203218	0.273296296
109394482	0.273296296
109419924	0.273296296
109422533	0.273296296
109423016	0.273296296
109463520	0.273296296
109478409	0.273296296
109523502	0.273296296
109526550	0.273296296
109609432	0.273296296
109609541	0.273296296
109641356	0.273296296
110071345	0.273296296
110073607	0.273296296
110109012	0.273296296
110186879	0.273296296
110449137	0.273296296
110449163	0.273296296
110523841	0.273296296
110703949	0.273296296
110752763	0.273296296
110756815	0.273296296
110779672	0.273296296
110784689	0.273296296
111049013	0.273296296
111170617	0.273296296
111234769	0.273296296
111351707	0.273296296
111911082	0.273296296
112023230	0.273296296
112454804	0.273296296
112526064	0.273296296
112610941	0.273296296
112611112	0.273296296
112623499	0.273296296
112760417	0.273296296
112815159	0.273296296
112818242	0.273296296
112818466	0.273296296
112872310	0.273296296
113002913	0.273296296
113064154	0.273296296
113067886	0.273296296
113105051	0.273296296
113105451	0.273296296
113283124	0.273296296
113283936	0.273296296
113781872	0.273296296
113781963	0.273296296
114023931	0.273296296
114024040	0.273296296
114024868	0.273296296
114025225	0.273296296
114025296	0.273296296
114025392	0.273296296
114273102	0.273296296
114273124	0.266740741
114273269	0.246888889
114273615	0.237481481
114274795	0.205296296
114281801	0.164962963
114282243	0.164962963
114325171	0.164962963
114325907	0.164962963
114440374	0.164962963
114693700	0.164962963
114869572	0.164962963
114962753	0.164962963
115163603	0.164962963
115280818	0.164962963
115285404	0.164962963
115432629	0.164962963
115437071	0.164962963
116113572	0.164962963
116127438	0.164962963
116128132	0.164962963
116135158	0.164962963
116187897	0.164962963
116397850	0.164962963
116431432	0.164962963
116434610	0.164962963
116442027	0.164962963
116470417	0.164962963
116508367	0.164962963
116701250	0.164962963
116704030	0.164962963
116864754	0.164962963
117084945	0.164962963
117262019	0.198333333
117497631	0.182037037
117570063	0.182037037
117646619	0.182037037
118065705	0.182037037
118066179	0.182037037
118143526	0.182037037
118391536	0.182037037
118695679	0.182037037
118700179	0.182037037
118700428	0.182037037
118700608	0.182037037
118702715	0.182037037
118702885	0.182037037
118708452	0.182037037
118899577	0.182037037
118899671	0.182037037
118899738	0.182037037
118901896	0.182037037
118947460	0.182037037
118999680	0.182037037
119080902	0.182037037
119080929	0.182037037
119083136	0.182037037
119193661	0.182037037
119471467	0.176481481
119679805	0.155333333
119698478	0.15362963
119701702	0.153222222
119829680	0.150740741
119922194	0.144148148
119938134	0.143296296
119938165	0.143296296
120105640	0.144703704
120253655	0.139814815
120434074	0.12
120518607	0.09162963
120628295	0.099037037
120628438	0.099037037
120685124	0.10237037
120847621	0.108888889
120886045	0.109925926
120886795	0.110037037
120887275	0.110037037
120989287	0.126777778
121167105	0.163555556
121167192	0.163555556
121167913	0.163555556
121286070	0.182740741
121371052	0.193222222
121445073	0.209185185
121839521	0.26462963
121968145	0.26462963
122186255	0.26462963
122231472	0.26462963
122321775	0.26462963
122339495	0.26462963
122460714	0.26462963
122678615	0.26462963
122877057	0.26462963
122993173	0.26462963
123186852	0.26462963
123332573	0.26462963
123332810	0.26462963
123332893	0.26462963
123333628	0.26462963
123666748	0.26462963
123668293	0.26462963
123668457	0.26462963
123668620	0.26462963
123977689	0.26462963
123978538	0.26462963
123978563	0.26462963
123979615	0.26462963
123981143	0.26462963
123993405	0.26462963
124002407	0.26462963
124171869	0.26462963
124233459	0.26462963
124233984	0.26462963
124279221	0.26462963
124279243	0.26462963
124359583	0.26462963
124477994	0.26462963
124525538	0.303740741
124639515	0.454444444
124640624	0.45662963
124642007	0.460407407
124659074	0.460407407
124855724	0.460407407
124894304	0.460407407
124927468	0.460407407
124927991	0.465814815
124929499	0.479111111
124930052	0.489
124954610	1.721555556
124956493	1.721555556
125089912	1.721555556
125361037	1.721555556
125422824	1.721555556
125494031	1.726148148
125495100	1.728481481
125495130	1.728481481
125496408	1.728481481
125497198	1.728481481
125530656	1.728481481
125764353	1.728481481
125816458	1.728481481
125970148	1.728481481
125978857	1.728481481
125981314	1.728481481
125983709	1.728481481
125987279	1.728481481
126000286	1.728481481
126084300	1.728481481
126350416	1.728481481
126474169	1.728481481
126474542	1.728481481
126477048	1.728481481
126641944	1.728481481
126643311	1.728481481
126643336	1.728481481
126643750	1.728481481
126644713	1.728481481
126645238	1.728481481
126840713	1.728481481
126878832	1.728481481
126879969	1.728481481
127200275	1.728481481
127210237	1.728481481
127377264	1.728481481
127409885	1.728481481
127614445	1.728481481
127681571	1.728481481
127688014	1.728481481
127704109	1.728481481
127704409	1.728481481
127704467	1.728481481
127704562	1.728481481
127705198	1.728481481
127831275	1.728481481
127831301	1.728481481
127832211	1.728481481
127851808	1.728481481
127852231	1.728481481
127852284	1.728481481
127852673	1.728481481
127856157	1.728481481
127856183	1.728481481
127925821	1.728481481
127925887	1.728481481
127957507	1.728481481
127978545	1.728481481
128015047	1.728481481
128207957	1.728481481
128258804	1.728481481
128605204	1.728481481
128813543	1.728481481
128847733	1.728481481
128854915	1.728481481
128855433	1.728481481
128863874	1.728481481
128990699	1.728481481
128990791	1.728481481
128991569	1.728481481
128996553	1.728481481
128996998	1.728481481
128997439	1.728481481
129002496	1.728481481
129014907	1.728481481
129372727	1.728481481
129535403	1.728481481
129617356	1.728481481
129631603	1.728481481
129738491	1.728481481
129814991	1.728481481
129817994	1.728481481
129818270	1.728481481
129818418	1.728481481
129841934	1.728481481
129950180	1.728481481
130024478	1.728481481
130025546	1.728481481
130028350	1.728481481
130033226	1.728481481
130179032	1.728481481
130246513	1.728481481
130282270	1.728481481
130367047	1.728481481
130367069	1.728481481
130430941	1.728481481
130518543	1.728481481
130521463	1.728481481
130570658	1.728481481
130571154	1.728481481
130571703	1.728481481
130571811	1.728481481
130571862	1.728481481
130905024	1.698
130905851	1.698
130965324	1.693333333
131108107	1.691259259
131121144	1.691444444
131193067	1.693407407
131354033	1.732111111
131700301	1.87237037
131764808	1.917296296
131764851	1.917296296
131764913	1.917296296
131764934	1.917296296
131767127	1.917296296
131773901	1.917296296
131834961	1.917296296
131891816	1.917296296
131937432	1.917296296
131941277	1.917296296
132211248	1.917296296
132212669	1.917296296
132212966	1.917296296
132213000	1.917296296
132213041	1.917296296
132214044	1.917296296
132551505	1.917296296
132762855	1.917296296
132762889	1.917296296
132763662	1.917296296
132763686	1.917296296
132975056	1.917296296
132977802	1.917296296
133249242	1.917296296
133252441	1.917296296
133253526	1.917296296
133254027	1.917296296
133293512	1.917296296
133458411	1.917296296
133657497	1.917296296
133662066	1.917296296
133662368	1.917296296
133662781	1.917296296
133663063	1.917296296
133663191	1.917296296
133819796	1.917296296
133820091	1.917296296
133820201	1.917296296
133821226	1.917296296
133824717	1.917296296
133825220	1.917296296
133934918	1.917296296
134012163	1.917296296
134013950	1.917296296
134014406	1.917296296
134020149	1.917296296
134622217	1.917296296
134622241	1.917296296
134623817	1.917296296
134673210	1.917296296
134919571	1.917296296
134976599	1.917296296
134982525	1.917296296
135021366	1.917296296
135156627	1.917296296
135157842	1.917296296
135260298	1.917296296
135355241	1.917296296
135355448	1.917296296
135650694	1.917296296
135650949	1.917296296
135651530	1.917296296
135912644	1.917296296
135912713	1.917296296
136042258	1.917296296
136042775	1.917296296
136059878	1.917296296
136063192	1.917296296
136066806	1.917296296
136066832	1.917296296
136066986	1.917296296
136068022	1.917296296
136068473	1.917296296
136078574	1.917296296
136078606	1.917296296
136083034	1.917296296
136093131	1.917296296
136671285	1.917296296
136690183	1.917296296
136934132	1.917296296
136939128	1.917296296
136958099	1.917296296
136958121	1.917296296
136959456	1.917296296
136960276	1.917296296
136960420	1.917296296
136967534	1.917296296
136967642	1.917296296
136967875	1.917296296
137178205	1.917296296
137180180	1.917296296
137272260	1.917296296
137408632	1.917296296
137568454	1.917296296
137568613	1.917444444
137569053	1.84862963
137569861	1.84862963
137589001	1.84862963
137595526	1.84862963
137658355	1.84862963
137788955	1.84862963
137982171	1.84862963
137983574	1.84862963
137985349	1.84862963
137985389	1.84862963
138153514	1.84862963
138153696	1.84862963
138154015	1.84862963
138154626	1.84862963
138155416	1.84862963
138159972	1.84862963
138160140	1.84862963
139441669	1.84862963
139980355	1.84862963
139980756	1.84862963
139983302	1.84862963
139983558	1.84862963
139986905	1.84862963
139986944	1.84862963
139987027	1.84862963
139988435	1.84862963
139989348	1.84862963
140005155	1.84862963
140005209	1.84862963
140009014	1.84862963
140093496	1.84862963
140468132	1.84862963
140634292	1.84862963
140702056	1.84862963
140790186	1.84862963
140793643	1.84862963
141090532	1.84862963
141093746	1.84862963
141093854	1.84862963
141096066	1.84862963
141096388	1.84862963
141271163	1.84862963
141280665	1.84862963
141523698	1.84862963
141524252	1.84862963
141527614	1.84862963
141884519	1.84862963
142157951	1.84862963
142200076	1.84862963
142206530	1.84862963
142207612	1.84862963
142250744	1.84862963
142383307	1.84862963
142385684	1.84862963
142395150	1.84862963
142459785	1.84862963
142582826	1.84862963
143073638	0.49137037
143083142	0.438222222
143083143	0.438222222
143087803	0.438222222
143088280	0.438222222
143241300	0.438222222
143246204	0.438222222
143246700	0.438222222
143288495	0.438222222
143292648	0.438222222
143379873	0.438222222
143464911	0.438222222
143512347	0.438222222
143716879	0.438222222
143830934	0.395111111
143866332	0.380111111
143894240	0.370259259
144025588	0.294222222
144025771	0.294222222
144043317	0.28962963
144131475	0.261666667
144136260	0.260703704
144283104	0.227296296
144284081	0.227111111
144285235	0.227
144478030	0.203222222
144597743	0.186444444
144669255	0.175444444
144676869	0.174222222
144727138	0.167111111
144839442	0.159777778
144840050	0.159777778
144840177	0.159777778
144840365	0.159777778
144840545	0.159777778
144840683	0.159777778
144840823	0.159777778
144840830	0.159777778
144840880	0.159777778
144841058	0.159777778
145181333	0.159777778
145241045	0.10962963
145244582	0.109444444
145281487	0.09562963
145321146	0.091481481
145371186	0.091481481
145614231	0.091481481
145615210	0.091481481
145615265	0.091481481
145622859	0.123333333
145623059	0.123333333
145706856	0.123333333
145731808	0.123333333
145870422	0.123333333
145925459	0.123333333
146007976	0.123333333
146058692	0.123333333
146058869	0.123333333
146061470	0.123333333
146134436	0.123333333
146143230	0.123333333
146289415	0.142740741
146508679	0.28762963
146536368	0.355
146938941	0.355
146939141	0.355
146968897	0.355
146976328	0.355
146976619	0.355
146977283	0.355
146977468	0.355
146977852	0.355
146979852	0.355
147010034	0.355
147089044	0.355
147121785	0.355
147125894	0.355
147128883	0.355
147129177	0.355
147218975	0.355
147587451	0.355
147652919	0.355
147900986	0.355
147908625	0.355
147908646	0.355
147915438	0.355
147915924	0.355
147941516	0.355
148017780	0.355
148230353	0.355
148365841	0.355
148372365	0.355
148372402	0.355
148399119	0.355
148423921	0.355
148426555	0.355
148426633	0.355
148599719	0.355
148792869	0.355
148817288	0.355
149157959	0.355
149161677	0.355
149161678	0.355
149174084	0.355
149283817	0.355
149283853	0.355
149284251	0.355
149285391	0.355
149288925	0.355
149288987	0.355
149289044	0.355
149289105	0.355
149289852	0.355
149725197	0.133111111
149744552	0.124444444
149897244	0.119777778
149899608	0.119666667
150024400	0.108888889
150259269	0.087740741
150405618	0.070259259
150407705	0.069851852
150464488	0.056740741
150464619	0.056740741
150464779	0.056740741
150469162	0.056444444
150578447	0.03037037
150633611	0.024444444
150633678	0.024444444
150635560	0.024148148
150637827	0.024444444
150690375	0.027333333
150691863	0.027333333
150813953	0.029444444
150815533	0.029481481
150818882	0.029814815
150892554	0.03662963
150979271	0.042407407
151070221	0.048555556
151070427	0.048555556
151070879	0.049037037
151083374	0.051222222
151248150	0.081296296
151405571	0.105740741
151478364	0.115407407
151535372	0.11962963
151538378	0.246777778
151712829	0.276296296
151746994	0.289851852
151817956	0.112407407
151817987	0.112407407
151821597	0.112407407
151821833	0.112407407
151919340	0.112407407
151922358	0.112407407
151922387	0.112407407
151922427	0.112407407
152071890	0.112407407
152072006	0.112407407
152076381	0.112407407
152233205	0.112407407
152233273	0.112407407
152432358	0.203148148
152443711	0.202407407
152469621	0.190851852
152475461	0.190851852
152475511	0.190851852
152581923	0.190851852
152628536	0.190851852
152789653	0.190851852
152841761	0.190851852
152919105	0.190851852
152943729	0.190851852
152947093	0.190851852
152972399	0.190851852
153046794	0.190851852
153130552	0.196592593
153197677	0.207555556
153270212	0.230296296
153405747	0.266851852
153499805	0.266851852
153500453	0.266851852
153500492	0.266851852
153501980	0.266851852
153502008	0.266851852
153502132	0.266962963
153519088	0.247259259
153632998	0.119962963
153634758	0.119962963
153639885	0.119962963
153751629	0.119962963
153752770	0.119962963
153846747	0.121814815
154047404	0.157814815
154047619	0.157814815
154166658	0.216851852
154167076	0.216703704
154170022	0.216592593
154258726	0.294851852
154264259	0.298777778
154311625	0.320518519
154418778	0.261407407
154429074	0.255037037
154626608	0.238296296
154688945	0.232296296
154689578	0.232296296
154689801	0.232296296
154797369	0.232296296
154849683	0.232296296
154852886	0.232296296
154986209	0.254111111
154998625	0.254111111
155008888	0.254111111
155010595	0.254111111
155224079	0.163037037
155228961	0.161925926
155379704	0.161925926
155489918	0.161925926
155527009	0.161925926
155527594	0.161925926
155531539	0.160148148
155735016	0.036740741
155771774	0.030703704
155804665	0.030703704
155805873	0.030481481
155827451	0.060925926
155830281	0.060925926
155911668	0.100444444
155912460	0.101037037
156024793	0.14262963
156089918	0.154296296
156190870	0.157185185
156384593	0.146777778
156388155	0.146
156392077	0.144925926
156418998	0.13562963
156429206	0.133111111
156516937	0.104888889
156714293	0.104888889
156717646	0.104888889
156955443	0.067888889
156958137	0.067888889
156958698	0.072666667
156970774	0.146962963
156993573	0.151555556
156993574	0.151555556
156994628	0.151555556
156998152	0.151555556
157096342	0.108851852
157097276	0.108851852
157109866	0.108851852
157204011	0.086037037
157210020	0.086888889
157210028	0.086888889
157210342	0.086888889
157210559	0.086888889
157216072	0.088259259
157481981	0.147888889
157494238	0.147888889
157505963	0.156851852
157552735	0.185592593
157554508	0.188555556
157610658	0.198
157613500	0.198407407
157614905	0.199814815
157911888	0.21537037
157920851	0.212444444
157998574	0.140037037
158030053	0.135777778
158136346	0.039185185
158137320	0.037777778
158138003	0.037037037
158143445	0.026888889
158143692	0.026888889
158146519	0.026888889
158195904	0.026888889
158338821	0.026888889
158490533	0.026888889
158494800	0.026888889
158497070	0.026888889
158559601	0.026888889
158565269	0.026888889
158596778	0.026888889
158602264	0.026888889
158607419	0.026888889
158994013	0.026888889
158994126	0.026888889
158994258	0.026888889
158994747	0.026888889
158994821	0.038740741
159037782	0.038740741
159068439	0.038740741
159565430	0.038740741
159565716	0.038740741
159570680	0.038740741
159570950	0.038740741
159667649	0.185259259
159726137	0.212814815
159726234	0.212814815
159726306	0.212814815
159732589	0.212814815
159732958	0.21262963
159733862	0.213148148
159754842	0.192851852
159757724	0.188666667
159873160	0.188666667
159909774	0.188666667
159995034	0.188666667
160111359	0.164222222
160112265	0.164222222
160125972	0.164222222
160127522	0.164481481
160284527	0.177444444
160339100	0.165740741
160348878	0.165740741
160460480	0.10837037
160460641	0.107444444
160464490	0.098703704
160566675	0.049851852
160566832	0.049851852
160567313	0.049851852
160568399	0.049851852
160568591	0.049851852
160568696	0.049851852
160568819	0.049851852
160934436	0.049851852
160936983	0.049851852
160937139	0.049851852
161026754	0.049851852
161028451	0.040814815
161041158	0.005888889
161052186	0.006666667
161052575	0.006814815
161070949	0.008925926
161075710	0.009407407
161148001	0.020666667
161307385	0.049333333
161308354	0.049666667
161371442	0.064481481
161374353	0.065074074
161375846	0.065407407
161497257	0.093
161548395	0.102703704
161548552	0.102703704
161550426	0.102814815
161724042	0.117777778
161949049	0.128185185
162255467	0.120037037
162289449	0.117185185
162344570	0.113259259
162561308	0.09362963
162563066	0.093518519
162582369	0.091259259
162678166	0.108481481
162694715	0.111111111
162771422	0.12
162860073	0.12
162905149	0.12
162907479	0.12
163194827	0.146037037
163255042	0.14862963
163261926	0.148555556
163271469	0.148481481
163313252	0.148962963
163388841	0.150333333
163448619	0.148925926
163465413	0.148444444
163646248	0.135259259
163652260	0.134518519
163780051	0.112481481
163848773	0.112481481
163854931	0.109111111
163894752	0.092851852
163895447	0.092666667
163896709	0.092407407
163899358	0.091703704
163962025	0.07562963
163995551	0.064148148
164089735	0.03
164090561	0.029962963
164098248	0.031777778
164170773	0.040518519
164252250	0.041111111
164254491	0.041037037
164255562	0.041
164257949	0.041555556
164258648	0.041814815
164262904	0.042259259
164263863	0.042666667
165624858	0.080074074
165625177	0.07962963
165637274	0.07037037
165637559	0.069962963
165639599	0.067555556
165640912	0.067592593
165654835	0.064259259
165658268	0.063925926
165659907	0.067444444
165664224	0.068666667
165665906	0.064074074
165666018	0.064074074
165666032	0.064074074
165679619	0.071444444
165694687	0.079518519
165697854	0.081
165967329	0.16062963
165967374	0.16062963
165970871	0.160037037
165973974	0.160888889
165989487	0.164407407
165996176	0.166851852
166004796	0.171481481
166006257	0.172
166008071	0.172148148
166008973	0.172148148
166831145	0.250666667
166861665	0.244296296
166871047	0.241555556
166871087	0.241555556
166875919	0.242407407
166876428	0.242777778
166922253	0.261666667
166922358	0.261666667
166922691	0.261666667
166966261	0.261666667
166973562	0.27337037
167034562	0.331333333
167073786	0.354407407
167081664	0.364888889
167082581	0.367962963
167083461	0.36862963
167185622	0.420666667
167185982	0.42062963
167186034	0.42062963
167186464	0.42062963
167190461	0.426925926
167190883	0.42762963
167386415	0.964444444
167437768	0.964444444
168076488	0.964444444
168083870	0.964444444
168104959	0.964444444
168123201	0.964444444
168545321	1.000851852
168559296	0.923592593
168736548	0.923592593
168739151	0.923592593
168743263	0.923592593
168743465	0.923592593
168753601	0.923592593
168832447	0.923592593
168838258	0.923592593
168840218	0.923592593
168976868	0.923592593
169013544	0.923592593
169149240	0.923592593
169150248	0.923592593
169159863	0.923592593
169208628	0.923592593
169212606	0.923592593
169213008	0.923592593
169214682	0.923592593
169229775	0.923592593
169414311	0.923592593
169425424	0.923592593
169435228	0.923592593
169438596	0.923592593
169438918	0.923592593
169446593	0.923592593
169485191	0.923592593
169504803	0.923592593
169511859	0.923592593
169548589	0.923592593
169549591	0.923592593
169551805	0.923592593
169554868	0.923592593
169558029	0.923592593
169618616	0.923592593
169801533	0.923592593
169802703	0.923592593
169803020	0.904333333
169803287	0.904333333
169960496	0.329518519
169960652	0.32762963
169964259	0.313740741
169964527	0.313740741
169964800	0.312444444
169975055	0.285888889
170013191	0.274444444
170016212	0.273259259
170027668	0.269037037
170227407	0.234
170333380	0.223259259
170409277	0.206925926
170409613	0.206925926
170518042	0.190518519
170518198	0.190518519
170518204	0.190518519
170650261	0.193851852
170651212	0.194259259
170792711	0.243740741
170915243	0.289851852
170920615	0.289851852
170970643	0.269814815
171126206	0.120925926
171126586	0.120481481
171265032	0.120481481
171265077	0.120481481
171363632	0.105851852
171375416	0.102703704
171392987	0.108074074
171447270	0.136222222
171546951	0.136222222
171547130	0.136222222
171556196	0.136222222
171633064	0.136222222
171651841	0.136222222
171670830	0.136222222
171689062	0.136222222
171689947	0.136222222
171690125	0.136222222
171694455	0.136222222
171779842	0.284407407
172015972	0.286555556
172055122	0.262037037
172058969	0.261666667
172084009	0.258481481
172193871	0.279
172522983	0.138185185
172687259	0.138037037
172688558	0.138185185
172754187	0.168962963
172776953	0.220111111
172833206	0.218296296
172833345	0.218296296
172833619	0.218296296
172833675	0.218296296
173033919	0.218296296
173190158	0.218296296
173190190	0.218296296
173208966	0.218296296
173210635	0.218296296
173210826	0.218296296
173295475	0.206740741
173305813	0.20537037
173310967	0.167925926
173312943	0.167925926
173331938	0.167925926
173371731	0.16
173373937	0.16
173374042	0.16
173374308	0.16
173560220	0.194296296
173565025	0.245777778
173601269	0.246148148
173601521	0.246185185
173628058	0.247666667
173720021	0.201148148
173792613	0.160111111
173801192	0.158555556
173827035	0.149814815
173859864	0.156740741
173932512	0.168814815
173933120	0.168814815
173990524	0.153259259
173995227	0.153259259
174011284	0.153259259
174011630	0.153259259
174041123	0.153259259
174059293	0.153259259
174301164	0.153259259
174593643	0.153259259
174594914	0.153259259
174595796	0.153259259
174597453	0.153259259
174718716	0.153259259
174850079	0.21137037
174901821	0.216555556
174901846	0.216555556
174901927	0.216555556
174903903	0.216555556
174908507	0.216555556
174908857	0.216555556
174909130	0.216555556
174912686	0.216555556
175135414	0.195148148
175214894	0.190259259
175272679	0.181888889
175331680	0.16362963
175336292	0.162481481
175371902	0.176555556
175379156	0.178333333
175573240	0.196259259
175734275	0.210296296
175735834	0.210259259
175740537	0.210111111
175743209	0.210777778
175748832	0.212296296
175876906	0.202
175915950	0.197222222
175971942	0.192111111
175978150	0.190185185
175980752	0.189444444
176476512	0.29437037
176656380	0.280592593
176730989	0.28262963
176858105	0.300037037
176885957	0.296740741
177055544	0.320555556
177055664	0.320555556
177055738	0.320555556
177124296	0.248962963
177124331	0.248962963
177150624	0.248962963
177150719	0.248962963
177323827	0.230666667
177345782	0.258814815
177374648	0.226222222
177434367	0.216148148
177644522	0.165407407
177654008	0.168222222
177654029	0.168222222
177657576	0.169111111
178037813	0.144888889
178042993	0.144074074
178062768	0.142481481
178136539	0.136592593
178137657	0.136444444
178234169	0.140148148
178244941	0.141407407
178385894	0.149666667
178465128	0.160259259
178465250	0.160259259
178465600	0.160259259
178466928	0.160259259
178467246	0.160259259
178468089	0.160259259
178497277	0.200925926
178497821	0.200925926
178499907	0.200925926
178502050	0.200925926
178502179	0.200925926
178579713	0.232481481
178584041	0.232481481
178590835	0.233740741
178597407	0.234481481
178656580	0.224185185
178665941	0.222
178672935	0.225296296
178888136	0.168333333
178888884	0.168333333
178889523	0.168333333
178892491	0.168333333
178894533	0.168333333
179083626	0.168333333
179599521	0.168333333
179610471	0.168333333
179611796	0.163111111
179617412	0.119814815
179617762	0.117111111
179618154	0.112518519
179619049	0.112518519
179627089	0.112518519
179628433	0.112518519
179648507	0.117444444
179709400	0.128814815
179768140	0.128148148
179768205	0.128148148
179787933	0.12662963
179789632	0.12662963
179792920	0.12662963
179794016	0.12662963
179794213	0.13262963
179796874	0.189148148
179799354	0.189148148
179801379	0.190259259
179822919	0.201037037
179963889	0.249962963
179996326	0.255962963
180198366	0.279037037
180200773	0.279037037
180237417	0.279037037
180428825	0.352555556
180498552	0.26262963
180503991	0.26262963
180504076	0.26262963
180627106	0.248148148
180630699	0.247407407
180672775	0.241185185
180773123	0.217111111
180785427	0.213592593
180886780	0.179703704
181057497	0.114962963
181057744	0.114962963
181057798	0.114962963
181061502	0.248555556
181223123	0.295962963
181229048	0.295962963
181229069	0.295962963
181229893	0.295962963
181230388	0.295962963
181232719	0.299259259
181257735	0.313037037
181345970	0.276851852
181422709	0.276851852
181426173	0.276851852
181426661	0.276851852
181427084	0.276851852
181429757	0.276851852
181726408	0.345185185
181727815	0.345185185
181790119	0.348407407
181872937	0.336555556
181881578	0.332703704
181886827	0.328777778
181961528	0.287444444
182009253	0.22737037
182010511	0.22737037
182056180	0.22737037
182056708	0.22737037
182060293	0.22737037
182179819	0.22737037
182193884	0.225481481
182279852	0.211148148
182289331	0.209925926
182295516	0.21037037
182297064	0.21037037
182298138	0.21037037
182327441	0.21037037
182583576	0.21037037
182586376	0.21037037
182594132	0.21037037
182596678	0.21037037
182639065	0.21037037
182732777	0.21037037
182741181	0.213111111
182873665	0.132666667
182946980	0.132666667
183033222	0.132666667
183042025	0.132666667
183063956	0.132666667
183126816	0.132666667
183134905	0.132666667
183209964	0.132777778
183211312	0.132666667
183213804	0.132666667
183216528	0.132666667
183398199	0.132666667
183398863	0.132666667
183588709	0.132666667
183590067	0.132666667
183640675	0.123592593
183733594	0.085148148
183736531	0.083444444
183738228	0.082592593
183763931	0.07162963
183764210	0.07162963
183921982	0.062185185
183941795	0.062185185
183977861	0.062185185
183979542	0.062185185
184156332	0.047111111
184178492	0.045111111
184547096	0.084222222
184676432	0.090259259
184782238	0.108740741
184845484	0.122185185
184845662	0.122185185
184845970	0.122185185
184848869	0.122185185
184852937	0.122185185
184854383	0.122185185
184861477	0.122185185
184862509	0.122185185
184892564	0.122185185
184893124	0.122185185
184893396	0.122185185
184936576	0.122185185
184937961	0.122185185
184954641	0.122185185
185036959	0.122185185
185101282	0.122185185
185181356	0.171259259
185309844	0.181555556
185335895	0.179962963
185386930	0.199444444
185442475	0.238074074
185468720	0.250259259
185490013	0.255037037
185522892	0.259407407
185566626	0.259407407
185566786	0.259407407
185567383	0.258592593
185608605	0.258592593
185609609	0.258592593
185612384	0.258592593
185642122	0.258592593
185654787	0.286481481
185690304	0.286481481
185696404	0.286481481
185717188	0.286592593
185726464	0.260407407
185728765	0.260407407
185763772	0.234888889
185864898	0.11462963
185868832	0.10837037
185871983	0.104111111
185873332	0.104111111
186039473	0.104111111
186040517	0.104111111
186040520	0.104111111
186041276	0.104111111
186041931	0.104111111
186164053	0.097666667
186164167	0.097666667
186199447	0.097666667
186507778	0.126666667
186594510	0.100814815
186595598	0.100592593
186596840	0.100481481
186643127	0.099185185
186646221	0.099814815
186658840	0.132962963
186659466	0.132962963
186659882	0.132962963
186660523	0.132962963
186663935	0.132962963
186664085	0.132962963
186670785	0.132962963
186691903	0.132962963
186826202	0.132962963
186830731	0.138518519
186831411	0.138962963
186840496	0.147666667
186944482	0.203481481
186946412	0.213111111
186947607	0.213111111
186950881	0.213111111
187033202	0.213111111
187035214	0.213111111
187268769	0.213111111
187294585	0.213111111
187595277	0.114111111
187595563	0.113814815
187595587	0.113814815
187602445	0.113814815
187706874	0.113814815
187712282	0.11237037
187770855	0.114518519
187876796	0.126222222
187887107	0.126222222
187887565	0.126222222
187988553	0.136814815
187990844	0.136814815
188314565	0.199444444
188315753	0.199444444
188315949	0.199444444
188491437	0.153148148
188491838	0.152851852
188493329	0.152518519
188493431	0.152259259
188493854	0.150740741
188500093	0.169259259
188703595	0.173888889
188743365	0.177888889
188876179	0.193444444
189036205	0.214444444
189107447	0.222851852
189294754	0.236333333
189294777	0.236333333
189294831	0.242555556
189294989	0.242555556
189390693	0.242555556
189809055	0.242555556
189810399	0.242555556
189811718	0.242555556
189814797	0.242296296
189905893	0.246074074
190008850	0.246074074
190049310	0.246074074
190263112	0.263037037
190336093	0.263037037
190372771	0.263037037
190372843	0.263037037
190406071	0.270074074
190611189	0.251481481
190679052	0.251481481
190679094	0.251481481
190681640	0.251481481
190862812	0.251481481
190878389	0.251481481
190878680	0.251481481
190969569	0.251481481
191112085	0.330814815
191112645	0.331
191112687	0.331
191112841	0.330962963
191113900	0.330777778
191236988	0.302777778
191264515	0.27262963
191296191	0.277555556
191356336	0.264481481
191364370	0.264481481
191579549	0.203962963
191633946	0.196703704
191641015	0.196
191767453	0.18962963
191871852	0.18962963
191873980	0.189444444
191955328	0.179814815
192105063	0.157740741
192205458	0.142407407
192205532	0.142407407
192219130	0.140185185
192232539	0.137740741
192245547	0.136296296
192260390	0.133407407
192323538	0.121703704
192376295	0.121074074
192457074	0.122518519
192581480	0.121814815
192661450	0.113444444
192696360	0.109111111
192729502	0.107296296
192815334	0.10237037
193151271	0.088037037
193156989	0.087703704
193226797	0.079925926
193345927	0.079925926
193348485	0.079925926
193350400	0.079925926
193350665	0.079925926
193352071	0.079925926
193352134	0.079925926
193352843	0.079925926
193356951	0.079925926
193609387	0.079925926
193609494	0.079925926
193611848	0.079925926
193736944	0.079925926
193738188	0.079925926
193738234	0.079925926
193738347	0.079925926
193747558	0.079925926
193747590	0.079925926
193759094	0.079925926
193760869	0.079925926
193766453	0.079925926
193892648	0.094851852
193998611	0.103185185
194011154	0.103703704
194060762	0.106148148
194106587	0.10737037
194113461	0.10737037
194216711	0.106148148
194341420	0.106148148
194519476	0.106148148
194606291	0.106148148
194610012	0.106148148
194765741	0.106148148
194840801	0.106148148
194846271	0.106148148
194883078	0.106148148
194912210	0.106148148
194978215	0.106148148
195011397	0.248888889
195011403	0.248888889
195022927	0.253925926
195026470	0.255148148
195057695	0.276296296
195193926	0.533888889
195196239	0.538925926
195196406	0.538925926
195203526	0.538925926
195218266	0.538925926
195327220	0.538925926
195356433	0.538925926
195379418	0.538925926
195379743	0.538925926
195379896	0.538925926
195380023	0.538925926
195538079	0.538925926
195538961	0.538925926
195545334	0.538925926
195548603	0.538925926
195621827	0.538925926
195623450	0.538925926
195623462	0.538925926
195623741	0.538925926
195623795	0.538925926
195623989	0.538925926
195626758	0.538925926
195754416	0.538925926
195786566	0.538925926
195793706	0.538925926
195798557	0.538925926
195799765	0.538925926
195962974	0.538925926
196245605	0.538925926
196370703	0.538925926
196370737	0.538925926
196461169	0.538925926
196821270	0.538925926
196928187	0.538925926
196929558	0.538925926
196930705	0.538925926
196931260	0.538925926
196931532	0.538925926
196977445	0.265074074
196977485	0.265074074
196985644	0.265074074
197049661	0.265074074
197052990	0.265074074
197072849	0.265074074
197074154	0.265074074
197152057	0.265074074
197363304	0.265074074
197367776	0.265074074
197388886	0.261222222
197525934	0.23362963
197527307	0.233333333
197674995	0.200740741
197710757	0.194111111
197714381	0.192777778
197716764	0.191925926
197816542	0.169592593
198078892	0.099185185
198112958	0.099185185
198116787	0.099185185
198131913	0.046
198132002	0.046
198132291	0.046
198149725	0.046
198153068	0.046
198183593	0.046
198329294	0.046
198370077	0.046
198388578	0.041555556
198412320	0.031074074
198770160	0.031074074
198773209	0.031074074
198775291	0.031074074
198802031	0.031074074
198811681	0.031074074
198923294	0.031074074
198929974	0.031074074
198929997	0.031074074
198930034	0.031074074
198998847	0.041518519
199035607	0.028555556
199074077	0.011666667
199074199	0.011666667
199074507	0.011666667
199076305	0.01137037
199076697	0.01137037
199077105	0.01137037
199079008	0.011555556
199167311	0.018592593
199169073	0.018740741
199171557	0.019148148
199180693	0.022111111
199216805	0.037037037
199217501	0.037037037
199278350	0.054555556
199278901	0.054259259
199278965	0.054259259
199279708	0.054259259
199292840	0.054259259
199547130	0.054259259
199597664	0.054259259
199712123	0.083222222
199729322	0.083222222
199784925	0.083222222
199788043	0.084666667
199798839	0.091222222
199936446	0.174740741
199936505	0.174740741
199937101	0.174740741
199937118	0.174740741
199937228	0.174740741
199937530	0.174740741
199946710	0.174740741
199959357	0.174740741
200033452	0.174740741
200057833	0.174740741
200161363	0.174740741
200185673	0.174740741
200185698	0.174740741
200189507	0.174740741
200365785	0.174740741
200367980	0.174740741
200368158	0.174740741
200527666	0.174740741
200534876	0.174740741
200538700	0.174740741
200539191	0.174740741
200539283	0.174740741
200540299	0.174740741
200703228	0.174740741
200706337	0.173740741
200739785	0.161740741
200841817	0.121185185
200842523	0.121148148
200843907	0.120777778
200872534	0.130074074
200874509	0.130666667
200964013	0.141481481
200965147	0.141481481
201082850	0.164814815
201110345	0.170555556
201123036	0.178037037
201236558	0.202185185
201361100	0.202185185
201365689	0.202185185
201460267	0.202185185
201465541	0.202185185
201479074	0.202185185
201545856	0.202185185
201547078	0.202185185
201643741	0.202185185
201733182	0.202185185
201747411	0.202185185
201753594	0.202185185
201789732	0.202185185
201887719	0.202185185
202046968	0.202185185
202073021	0.202185185
202073088	0.202185185
202075058	0.202185185
202279305	0.107592593
202522467	0.100666667
202589272	0.097925926
202762143	0.090925926
203098232	0.081888889
203098582	0.081888889
203129406	0.081296296
203223297	0.079
203233233	0.078481481
203283970	0.07737037
203285532	0.07737037
203461060	0.076925926
203482670	0.077111111
203536502	0.077518519
203649473	0.077851852
203690065	0.077703704
203817172	0.076555556
203936765	0.075148148
204208849	0.098407407
204295801	0.099888889
204340070	0.099888889
204341187	0.099888889
204343009	0.099888889
204343542	0.099888889
204347669	0.099888889
204349864	0.099888889
204371573	0.099888889
204371641	0.099888889
204376294	0.099888889
204416923	0.099888889
204417061	0.099888889
204599348	0.099888889
204600091	0.099888889
204600107	0.099888889
204601039	0.099888889
204668132	0.078777778
204697230	0.078777778
204713345	0.078777778
204755835	0.078777778
204852540	0.078777778
204860243	0.078777778
204860949	0.079111111
204861025	0.079111111
204962196	0.075851852
204967731	0.073740741
205145277	0.010333333
205145525	0.010333333
205180823	0.010333333
205195020	0.010555556
205308359	0.011333333
205376489	0.011592593
205376547	0.011592593
205412539	0.011814815
205413374	0.011814815
205425511	0.011814815
205663186	0.011703704
205776954	0.012
205966764	0.018703704
205974778	0.018962963
205978188	0.019074074
206080432	0.022851852
206080637	0.022851852
206080690	0.022851852
206367586	0.068185185
206458354	0.072259259
206552423	0.076148148
206669469	0.076962963
206955008	0.080148148
207083183	0.080703704
207160854	0.080962963
207189905	0.080962963
207189930	0.080962963
207190010	0.080962963
207264189	0.081814815
207265489	0.081814815
207265596	0.081814815
207282733	0.081814815
207411637	0.081814815
207444089	0.081814815
207531220	0.085259259
207531321	0.085259259
207563546	0.091555556
207565516	0.092
207855477	0.152814815
207856784	0.153
207859632	0.153333333
207949205	0.161518519
207977972	0.169444444
207978061	0.169444444
208099922	0.216074074
208244839	0.247925926
208247098	0.248481481
208250731	0.248740741
208396195	0.255592593
208396450	0.255592593
208396741	0.255592593
208402180	0.255518519
208413654	0.255296296
208413951	0.255296296
208486098	0.249666667
208593389	0.226444444
208593826	0.226444444
208594051	0.225666667
208811309	0.159148148
208875413	0.138185185
209020228	0.073814815
209072757	0.06037037
209225610	0.059259259
209229971	0.059592593
209253299	0.061259259
209254601	0.061296296
209259453	0.061148148
209387901	0.061148148
209389850	0.061148148
209423447	0.061148148
209454696	0.061148148
209470107	0.061148148
209613555	0.059259259
209613581	0.059259259
209798113	0.058
209798220	0.058
209800055	0.058
209800191	0.058
209800213	0.058
209803357	0.058
209807721	0.058
209976152	0.058
210108845	0.069518519
210138924	0.071814815
210157708	0.071814815
210243373	0.071814815
210389724	0.071814815
210503062	0.076814815
210690455	0.078111111
210872805	0.073148148
210882478	0.072703704
211077993	0.061444444
211083295	0.060814815
211083395	0.060814815
211084476	0.060592593
211084759	0.060592593
211084906	0.060592593
211155497	0.072148148
211157927	0.072481481
211167685	0.077111111
211190197	0.087962963
211196924	0.094185185
211196956	0.094185185
211197113	0.094185185
211197405	0.094814815
211197476	0.094814815
211290273	0.127962963
211291109	0.128185185
211297764	0.129777778
211481615	0.129777778
211650138	0.158851852
212042926	0.204481481
212042949	0.204481481
212043051	0.204481481
212043161	0.204481481
212142654	0.204481481
212161871	0.204481481
212162627	0.204481481
212163853	0.204481481
212219036	0.204481481
212219622	0.204481481
212220215	0.204481481
212220550	0.204481481
212221033	0.204481481
212221142	0.204481481
212221143	0.204481481
212314252	0.204481481
212316075	0.204481481
212317261	0.204481481
212320657	0.204481481
212323329	0.204481481
212323582	0.204481481
212332183	0.204481481
212597324	0.336
212727348	0.525851852
212747880	0.525851852
212893591	0.525851852
212894378	0.525851852
212894632	0.525851852
213036632	0.525851852
213037838	0.525851852
213037936	0.525851852
213038165	0.525851852
213210767	0.525851852
213217588	0.525851852
213262493	0.525851852
213766797	0.525851852
213769875	0.525851852
213772236	0.525851852
213772709	0.525851852
213772860	0.525851852
213775978	0.525851852
213776237	0.525851852
213777588	0.525851852
213778992	0.525851852
213961911	0.525851852
214034559	0.525851852
214241760	0.525851852
214241961	0.525851852
214379882	0.525851852
214380180	0.525851852
214504400	0.525851852
214507815	0.525851852
214509322	0.525851852
214512073	0.525851852
214526664	0.525851852
214538934	0.525851852
214539168	0.525851852
214539402	0.525851852
214545212	0.561333333
214548383	0.546703704
214548953	0.546703704
214743144	0.546703704
214746952	0.546703704
214905226	0.546703704
214908967	0.546703704
214911222	0.529148148
215114282	0.255777778
215230727	0.255777778
215234701	0.255777778
215266446	0.255777778
215267112	0.255777778
215267415	0.255777778
215271063	0.255777778
215385635	0.255777778
215400346	0.255777778
215436251	0.255777778
215440950	0.255777778
215579788	0.255777778
215580738	0.257444444
215686126	0.304
215715252	0.311518519
215768665	0.319444444
215996510	0.223925926
215996565	0.223925926
216002165	0.214962963
216203585	0.214962963
216242978	0.214962963
216243183	0.214962963
216243268	0.214962963
216243864	0.214962963
216244056	0.214962963
216244317	0.214962963
216356185	0.214962963
216368472	0.214962963
216371271	0.149666667
216519339	0.129407407
216608367	0.119925926
216707012	0.100888889
216707624	0.100888889
216812264	0.082703704
217022054	0.079962963
217022786	0.079962963
217085296	0.079962963
217096665	0.079962963
217098063	0.079962963
217138383	0.079962963
217369219	0.077962963
217522596	0.018740741
217592617	0.018740741
217592810	0.018740741
217593744	0.018740741
217595025	0.018740741
217595942	0.018740741
217596331	0.018740741
217596593	0.018740741
217649547	0.018740741
217676797	0.018740741
217679692	0.018740741
217912102	0.018740741
217914363	0.018740741
217923751	0.018740741
218138904	0.045444444
218138963	0.045444444
218157121	0.047851852
218321161	0.060888889
218668384	0.074444444
218738851	0.074444444
218773598	0.074444444
218786927	0.074444444
218824909	0.074444444
218846053	0.074444444
218940880	0.091740741
219145327	0.11037037
219145633	0.11037037
219146917	0.110481481
219147127	0.110481481
219484937	0.244259259
219493793	0.244259259
219521290	0.244259259
219585201	0.244259259
219595759	0.244259259
219707135	0.244259259
219779429	0.244259259
219954267	0.244259259
219993873	0.244259259
219994707	0.424296296
219995130	0.424296296
219995821	0.424296296
220005314	0.424296296
220086621	0.424296296
220089780	0.424296296
220090477	0.424296296
220091190	0.424296296
220091274	0.424296296
220092624	0.424296296
220271516	0.424296296
220338198	0.424296296
220482138	0.424296296
220509573	0.554222222
220606704	0.42562963
220613212	0.42562963
220655064	0.42562963
220655484	0.42562963
220660215	0.42562963
220766781	0.42562963
220807111	0.42562963
220869514	0.42562963
220900033	0.42562963
220906860	0.42562963
220918275	0.42562963
220938988	0.42562963
220939732	0.42562963
220946746	0.42562963
221049775	0.42562963
221070969	0.42562963
221074689	0.42562963
221085702	0.42562963
221096525	0.42562963
221219469	0.42562963
221295070	0.42562963
221296181	0.42562963
221299603	0.42562963
221299651	0.42562963
221300304	0.42562963
221300914	0.42562963
221451806	0.42562963
221465424	0.42562963
221465504	0.42562963
221512826	0.42562963
221523463	0.42562963
221714957	0.42562963
221735701	0.42562963
221764136	0.42562963
221892565	0.42562963
221899737	0.401592593
221899775	0.401592593
221987055	0.367185185
221987268	0.367185185
222012958	0.359037037
222074857	0.345037037
222687903	0.293962963
222688219	0.293962963
222688330	0.293962963
222712371	0.293962963
222715948	0.293962963
222742519	0.293962963
222742761	0.293962963
222798036	0.293962963
222808699	0.293962963
222809247	0.293962963
222831174	0.293962963
222831310	0.293962963
222832803	0.293962963
222900008	0.293962963
222954253	0.293962963
222958478	0.293962963
222960416	0.293962963
223107439	0.284111111
223107502	0.284111111
223211848	0.267555556
223437866	0.292111111
223465406	0.292111111
223465474	0.292111111
223513531	0.292111111
223514720	0.292111111
223598789	0.292111111
223663358	0.292111111
223667408	0.292111111
223826248	0.292111111
223873631	0.292111111
223874848	0.292111111
224036660	0.292111111
224036678	0.292111111
224036763	0.292111111
224036845	0.292111111
224037126	0.292111111
224038222	0.293037037
224048401	0.298925926
224072440	0.294703704
224073137	0.310592593
224236526	0.310592593
224236909	0.310592593
224237122	0.310592593
224307799	0.312333333
224725208	0.257777778
224730780	0.175444444
224879721	0.175444444
224910327	0.137407407
224910595	0.137407407
224911205	0.137407407
224912364	0.137407407
224954439	0.137407407
224955107	0.137407407
224957155	0.137407407
225010211	0.099851852
225021519	0.099851852
225021965	0.099851852
225070551	0.099851852
225074226	0.099851852
225262574	0.099851852
225262666	0.099851852
225269023	0.099851852
225269390	0.099851852
225424907	0.099851852
225518724	0.099851852
225570280	0.099851852
225686453	0.151481481
225727858	0.167740741
225727912	0.167740741
225728051	0.167740741
225728511	0.167740741
225731638	0.167740741
225731862	0.167740741
225731953	0.167740741
225731989	0.167740741
225732113	0.167740741
225732497	0.167740741
225854988	0.205925926
225992853	0.205925926
226068446	0.266
226268349	0.323925926
226619845	0.396888889
226676085	0.431962963
226718863	0.480407407
226718892	0.480407407
226718962	0.480407407
226719027	0.480407407
226790863	0.480407407
226941216	0.480407407
226941361	0.480407407
226941441	0.480407407
226945855	0.480407407
227101967	0.480407407
227110064	0.480407407
227110871	0.480407407
227208891	0.480407407
227209344	0.480407407
227209956	0.480407407
227211552	0.480407407
227214814	0.480407407
227275648	0.480407407
227275696	0.480407407
227554408	0.480407407
227621930	0.480407407
227660682	0.480407407
227717716	0.480407407
227735318	0.480407407
227737084	0.480407407
227756315	0.480407407
227756694	0.480407407
227888749	0.480407407
227888955	0.483481481
227889791	0.484592593
227889984	0.484518519
228012556	0.37937037
228013862	0.37937037
228030307	0.37937037
228032361	0.37937037
228033802	0.37962963
228554291	0.331592593
228623241	0.331592593
228627524	0.306740741
228632475	0.306740741
228662111	0.306740741
228662377	0.306740741
228812179	0.312222222
229034519	0.306185185
229171827	0.306185185
229178138	0.306185185
229180300	0.306185185
229180335	0.306185185
229180391	0.306185185
229181144	0.306185185
229342112	0.294333333
229342811	0.289814815
229344081	0.289814815
229351705	0.271296296
229405483	0.271296296
229409818	0.271296296
229410313	0.271296296
229502803	0.271296296
229507342	0.271296296
229537540	0.259481481
229819437	0.259481481
229902187	0.259481481
229902592	0.259481481
229975113	0.259481481
230183391	0.259481481
230192954	0.179481481
230213027	0.179481481
230213518	0.179481481
230216920	0.179481481
230349213	0.061481481
230351250	0.057555556
230366147	0.057555556
230397245	0.057555556
230397483	0.057555556
230483488	0.057555556
230483943	0.057555556
230588533	0.07362963
230800298	0.099703704
230800361	0.099703704
230885580	0.108296296
231035991	0.125111111
231147748	0.135851852
231148758	0.135851852
231214453	0.135851852
231235555	0.135851852
231235569	0.135851852
231235625	0.135851852
231328813	0.157888889
231329335	0.157888889
231403290	0.151259259
231406733	0.150296296
231406853	0.150296296
231411820	0.148111111
231412099	0.147518519
231414297	0.147518519
231414384	0.147518519
231421524	0.147518519
231421620	0.147518519
231481030	0.147518519
231481107	0.147518519
231481152	0.147518519
231508537	0.297888889
231622297	0.243259259
231731120	0.243259259
231732071	0.243259259
231736329	0.242481481
231738027	0.242148148
231902965	0.202518519
231974950	0.200185185
232001508	0.198592593
232025507	0.19662963
232139827	0.196259259
232606014	0.21237037
232940688	0.178518519
232940724	0.178518519
232940781	0.178518519
232943486	0.184962963
232944077	0.185037037
233005187	0.173851852
233024410	0.177259259
233120915	0.188259259
233121674	0.188259259
233125600	0.188259259
233204685	0.25837037
233207534	0.25837037
233208268	0.25837037
233220369	0.25837037
233221062	0.25837037
233223656	0.25837037
233223800	0.25837037
233223813	0.25837037
233254349	0.25837037
233257392	0.25837037
233268189	0.25837037
233539118	0.240814815
233541810	0.240814815
233626557	0.199333333
233627714	0.199333333
233629414	0.199333333
233762327	0.199333333
233776498	0.199333333
233797912	0.134518519
233800696	0.123592593
233811032	0.123592593
233822014	0.123592593
233823667	0.123592593
233828118	0.123592593
233845288	0.123592593
233845341	0.123592593
233845381	0.123592593
233855853	0.123592593
233871901	0.122185185
233990079	0.149814815
233990151	0.149814815
233994679	0.151148148
234117546	0.32762963
234117739	0.328074074
234119003	0.33037037
234119124	0.330666667
234120112	0.333777778
234188216	0.333777778
234328611	0.333777778
234328810	0.333777778
234339022	0.333777778
234339193	0.335703704
234356943	0.392407407
234400623	0.36562963
234405695	0.335925926
234424114	0.382962963
234427137	0.375703704
234500747	0.359407407
234567498	0.270222222
234571270	0.270888889
234683232	0.268666667
234687353	0.261777778
234713303	0.178
234730302	0.178
234730320	0.178
234730674	0.178
234791216	0.190851852
234820975	0.196074074
234825352	0.197925926
234828089	0.211666667
234874615	0.211962963
234904406	0.211148148
234912508	0.211037037
235081646	0.196962963
235086024	0.197851852
235161956	0.286074074
235162083	0.286074074
235165782	0.286074074
235165898	0.286074074
235202974	0.286074074
235209943	0.286074074
235230043	0.320037037
235267930	0.439333333
235274655	0.439333333
235275374	0.439333333
235298881	0.439333333
235324916	0.439333333
235337214	0.439333333
235393829	0.439333333
235396233	0.439333333
235400598	0.439333333
235403614	0.439333333
235447529	0.439333333
235724414	0.267962963
235724424	0.267962963
235724555	0.267518519
235724825	0.266555556
235725029	0.266296296
235725251	0.266666667
235727057	0.266962963
235727670	0.266962963
235736173	0.265777778
235746692	0.273407407
235761977	0.283851852
236083228	0.444
236088093	0.446481481
236110677	0.455222222
236114204	0.455222222
236169120	0.525888889
236169590	0.525888889
236171244	0.525888889
236171662	0.525888889
236171777	0.525888889
236173391	0.525888889
236185083	0.525888889
236185128	0.525888889
236214229	0.525888889
236214287	0.525888889
236215909	0.525888889
236216085	0.525888889
236372816	0.525888889
236384480	0.379962963
236407572	0.364111111
236472441	0.395703704
236473210	0.395888889
236551569	0.400111111
236558312	0.400111111
236569763	0.204518519
236673057	0.190185185
236694449	0.189925926
236727088	0.187740741
236756172	0.181851852
236858667	0.177592593
236879938	0.174
236882389	0.174222222
236884388	0.174259259
236895654	0.174888889
236954097	0.191518519
236965899	0.160259259
236968716	0.165148148
237032134	0.095888889
237033434	0.095
237034276	0.095037037
237041732	0.12162963
237041783	0.12162963
237136783	0.332777778
237142280	0.336777778
237259623	0.392259259
237268017	0.39262963
237269999	0.39262963
237317789	0.39262963
237321034	0.39262963
237322808	0.39262963
237390630	0.39262963
237390885	0.39262963
237391332	0.39262963
237391404	0.39262963
237391487	0.39262963
237391509	0.39262963
237391893	0.39262963
237441336	0.39262963
237442164	0.39262963
237442689	0.39262963
237451938	0.340444444
237453178	0.340444444
237453761	0.340444444
237454196	0.340444444
237457650	0.340444444
237485865	0.340444444
237485954	0.340444444
237498281	0.340444444
237508697	0.309962963
237509462	0.304
237518616	0.371074074
237523122	0.371074074
237599972	0.292481481
237610924	0.256851852
237618127	0.253814815
237618923	0.254925926
237683341	0.269259259
237702198	0.259703704
237704180	0.261
237711840	0.243888889
237773862	0.230518519
237775703	0.230592593
237776709	0.230592593
237909331	0.230592593
237951359	0.230592593
237954153	0.230592593
237954303	0.230592593
238007847	0.311148148
238054564	0.36837037
238054790	0.36837037
238057060	0.36837037
238057957	0.36837037
238167359	0.394814815
238224629	0.390740741
238224697	0.390740741
238278327	0.271555556
238279154	0.271555556
238298334	0.261592593
238298929	0.261592593
238304221	0.257185185
238304407	0.257185185
238304794	0.257185185
238320489	0.257185185
238320876	0.257185185
238326005	0.257851852
238362623	0.258888889
238362957	0.258888889
238374755	0.258888889
238422935	0.323777778
238423057	0.323777778
238429636	0.323777778
238429934	0.323777778
238431694	0.323777778
238432440	0.323777778
238437442	0.323777778
238464667	0.396111111
238468372	0.396111111
238471126	0.396111111
238471954	0.396111111
238740712	0.236518519
238744412	0.229074074
238745058	0.229074074
238756574	0.229074074
238758660	0.229074074
238764383	0.253777778
238932203	0.253777778
238953378	0.319740741
238955486	0.319740741
238963086	0.319740741
238986146	0.294703704
238987577	0.294703704
238991842	0.294703704
238998536	0.284444444
239076507	0.395185185
239083106	0.394777778
239094955	0.369333333
239099536	0.369333333
239141481	0.370037037
239153867	0.372777778
239206243	0.371703704
239209522	0.372148148
239214653	0.362333333
239215307	0.362333333
239219918	0.362333333
239370397	0.300925926
239370683	0.300925926
239370924	0.300925926
239408316	0.295259259
239409709	0.295259259
239416923	0.344925926
239423979	0.359925926
239429638	0.370555556
239487615	0.373666667
239509928	0.373666667
239510651	0.373666667
239623639	0.373666667
239628761	0.373666667
239641369	0.347111111
239682808	0.244592593
239686838	0.232407407
239686844	0.232407407
239686901	0.232407407
239686959	0.232407407
239690748	0.232407407
239702473	0.232407407
239783990	0.326814815
239784156	0.327148148
239803120	0.329222222
239803242	0.329333333
239937010	0.361074074
240038128	0.369962963
240044652	0.370851852
240106598	0.409666667
240116608	0.409666667
240227508	0.409666667
240245730	0.344148148
240252054	0.344148148
240336675	0.322555556
240414411	0.35437037
240415965	0.355666667
240450066	0.377666667
240456906	0.383333333
240457617	0.383740741
240457744	0.383740741
240460713	0.388148148
240460743	0.388148148
240463062	0.389296296
240463135	0.389333333
240464336	0.390037037
240466944	0.391222222
240522833	0.414148148
240524176	0.418814815
240524320	0.418814815
240525885	0.418814815
240525963	0.418814815
240738528	0.418814815
240748156	0.418814815
240751240	0.418814815
240811859	0.418814815
240839737	0.418814815
240839874	0.418814815
240840013	0.418814815
241030833	0.418814815
241048278	0.418814815
241240700	0.418814815
241322382	0.418814815